[{"id": 0, "img_name": "IMG_0001", "width": 2974, "height": 3959, "position": [-0.15912920840931596, -1.9746736365690607, 3.9018839737310445], "rotation": [[-0.995672385578272, 0.06078316961729402, 0.07029869762767496], [0.09277791952602996, 0.6064889672057666, 0.789660300576206], [0.005362671469847856, 0.7927651221824515, -0.6095036528239581]], "fy": 3106.0147514498667, "fx": 3104.3280601582974}, {"id": 1, "img_name": "IMG_0002", "width": 2974, "height": 3959, "position": [-0.37782459693959874, -1.949117424985217, 3.8994809844158214], "rotation": [[-0.990220065456355, 0.061640420789291155, 0.1251586213272245], [0.13675298243650363, 0.6064411766957224, 0.783280103795972], [-0.027619626397433025, 0.792735490395647, -0.6089397330646439]], "fy": 3106.0147514498667, "fx": 3104.3280601582974}, {"id": 2, "img_name": "IMG_0003", "width": 2974, "height": 3959, "position": [-0.6263953100169001, -1.907845993751328, 3.8880118787452083], "rotation": [[-0.9802480531656973, 0.06258288407795823, 0.18760900001157949], [0.18664725869530585, 0.6064097948628272, 0.7729359362301326], [-0.0653953751146635, 0.7926856522701221, -0.6061129445892929]], "fy": 3106.0147514498667, "fx": 3104.3280601582974}, {"id": 3, "img_name": "IMG_0004", "width": 2974, "height": 3959, "position": [-0.865568119487706, -1.8558999524813744, 3.8671007868677054], "rotation": [[-0.9667468448666957, 0.06332140778601673, 0.2477719460638869], [0.23447593348279633, 0.6062289598190167, 0.7599391323613517], [-0.10208611344183878, 0.7927653168452502, -0.6009172803719244]], "fy": 3106.0147514498667, "fx": 3104.3280601582974}, {"id": 4, "img_name": "IMG_0005", "width": 2974, "height": 3959, "position": [-1.097678262571682, -1.7933063632756554, 3.8376815395585155], "rotation": [[-0.949838794957868, 0.0642184001787058, 0.3060755799985888], [0.28080166495157216, 0.6059896979155791, 0.7442626626269854], [-0.13768329075603164, 0.7928760830663723, -0.5936251581157231]], "fy": 3106.0147514498667, "fx": 3104.3280601582974}, {"id": 5, "img_name": "IMG_0006", "width": 2974, "height": 3959, "position": [-1.2943386727339659, -1.7303052319443066, 3.8051702130615066], "rotation": [[-0.9324016771146617, 0.0648298051813548, 0.3555618214515063], [0.3199196225201735, 0.6057731469346453, 0.7284849549437833], [-0.16816226580393992, 0.792991797443734, -0.5855642249545651]], "fy": 3106.0147514498667, "fx": 3104.3280601582974}, {"id": 6, "img_name": "IMG_0007", "width": 2974, "height": 3959, "position": [-1.4816611953912282, -1.6615251582131434, 3.7681008646474625], "rotation": [[-0.9130166437355014, 0.06551791255271065, 0.40262639182832494], [0.3570726930419679, 0.6055851824955519, 0.7111720457284479], [-0.19723006907091295, 0.7930788043294087, -0.5763040082957245]], "fy": 3106.0147514498667, "fx": 3104.3280601582974}, {"id": 7, "img_name": "IMG_0008", "width": 2974, "height": 3959, "position": [-1.6671094607055272, -1.5839624611812675, 3.7240628364683666], "rotation": [[-0.8909374166050544, 0.06613700782063575, 0.44928433746308694], [0.3937893452965808, 0.605273202144294, 0.6917906491828888], [-0.22618680603430882, 0.7932655589161334, -0.5653045920682692]], "fy": 3106.0147514498667, "fx": 3104.3280601582974}, {"id": 8, "img_name": "IMG_0009", "width": 2974, "height": 3959, "position": [-1.8517411315355885, -1.4967771220427588, 3.6734187495599953], "rotation": [[-0.865916561812206, 0.06687298321091961, 0.49569800493425376], [0.43025799842067525, 0.6049761646070776, 0.669986488708798], [-0.2550814826175386, 0.793430428187489, -0.5526315163396454]], "fy": 3106.0147514498667, "fx": 3104.3280601582974}, {"id": 9, "img_name": "IMG_0010", "width": 2974, "height": 3959, "position": [-2.0212071061700883, -1.4070707272549012, 3.61907031806934], "rotation": [[-0.8399335408615243, 0.0673050962065932, 0.5384994623585461], [0.4636624413830385, 0.6046385503211995, 0.6476336649033916], [-0.2820084881462652, 0.7936512127440488, -0.539063043737333]], "fy": 3106.0147514498667, "fx": 3104.3280601582974}, {"id": 10, "img_name": "IMG_0011", "width": 2974, "height": 3959, "position": [-2.1897888079547276, -1.308442825542761, 3.5585286215739647], "rotation": [[-0.8111326478669533, 0.0679242995966217, 0.5809045679702077], [0.4967577955049682, 0.6042564016444815, 0.6229814553232764], [-0.3086997249260022, 0.7938894700120236, -0.5238740203852823]], "fy": 3106.0147514498667, "fx": 3104.3280601582974}, {"id": 11, "img_name": "IMG_0012", "width": 2974, "height": 3959, "position": [-2.3501873175317978, -1.2049453107089014, 3.493009656826902], "rotation": [[-0.7806504278034656, 0.06845974281593131, 0.6212070292453581], [0.528117104781102, 0.6037613897779526, 0.5971302268777068], [-0.33418143755734414, 0.7942200248211903, -0.507481348391382]], "fy": 3106.0147514498667, "fx": 3104.3280601582974}, {"id": 12, "img_name": "IMG_0013", "width": 2974, "height": 3959, "position": [-2.5112022260029296, -1.088297716516914, 3.4182983096557957], "rotation": [[-0.7463829759581498, 0.06911516652074282, 0.6619180817568482], [0.5597304276311799, 0.603230104767766, 0.5681683633270042], [-0.3600198627626985, 0.7945668848238517, -0.48892654249656725]], "fy": 3106.0147514498667, "fx": 3104.3280601582974}, {"id": 13, "img_name": "IMG_0014", "width": 2974, "height": 3959, "position": [-2.6610551566269356, -0.9705833474575392, 3.3413410900734957], "rotation": [[-0.7111606865752593, 0.06953291380595077, 0.699582483891256], [0.588771608775356, 0.6026977122558002, 0.5386125326630491], [-0.38418546376702545, 0.7949343630384077, -0.4695539243695405]], "fy": 3106.0147514498667, "fx": 3104.3280601582974}, {"id": 14, "img_name": "IMG_0015", "width": 2974, "height": 3959, "position": [-2.80362898981952, -0.8440258010525226, 3.2575185598830565], "rotation": [[-0.673556867407629, 0.07005783638717496, 0.735807750658261], [0.6166543248020353, 0.6021044921611752, 0.5071564100179341], [-0.40750287124260554, 0.7953377144836532, -0.44875308338656744]], "fy": 3106.0147514498667, "fx": 3104.3280601582974}, {"id": 15, "img_name": "IMG_0016", "width": 2974, "height": 3959, "position": [-2.937673206906745, -0.7157083462949713, 3.1712233657667848], "rotation": [[-0.6347681954928002, 0.07032041292838863, 0.7694961842117182], [0.6423222661702823, 0.601586811688239, 0.4748846327105694], [-0.42952467260063953, 0.7957061942252054, -0.42703654187780277]], "fy": 3106.0147514498667, "fx": 3104.3280601582974}, {"id": 16, "img_name": "IMG_0017", "width": 2974, "height": 3959, "position": [-3.060814732304104, -0.5822174348502359, 3.0817166696845666], "rotation": [[-0.594754440464185, 0.07074418018535321, 0.8007886216212341], [0.6660323567411813, 0.6011878573187428, 0.4415586710577509], [-0.4501866894099846, 0.7959701132469742, -0.4046770607480447]], "fy": 3106.0147514498667, "fx": 3104.3280601582974}, {"id": 17, "img_name": "IMG_0018", "width": 2974, "height": 3959, "position": [-3.1800589903574425, -0.4407510049964577, 2.984749656374334], "rotation": [[-0.5518090119617736, 0.07099910716585484, 0.8309428025438466], [0.68869308577021, 0.600709344343402, 0.4060173853800181], [-0.470328234247187, 0.7963086150483187, -0.3803734239793198]], "fy": 3106.0147514498667, "fx": 3104.3280601582974}, {"id": 18, "img_name": "IMG_0019", "width": 2974, "height": 3959, "position": [-3.2910068957166114, -0.2935502264670217, 2.883872948050579], "rotation": [[-0.5071578378057545, 0.07144623068981747, 0.8588867001371072], [0.7096263465031636, 0.6001644453984811, 0.3690976657039508], [-0.4891026230769609, 0.7966794051560205, -0.3550782301120207]], "fy": 3106.0147514498667, "fx": 3104.3280601582974}, {"id": 19, "img_name": "IMG_0020", "width": 2974, "height": 3959, "position": [-3.3892226890894155, -0.14729245495497423, 2.7825090707662867], "rotation": [[-0.4626014901758365, 0.07177314131582795, 0.8836563118502313], [0.7279820547089425, 0.5996261202008841, 0.33240132971241393], [-0.5060059182547586, 0.7970552880186498, -0.32963749564129596]], "fy": 3106.0147514498667, "fx": 3104.3280601582974}, {"id": 20, "img_name": "IMG_0021", "width": 2974, "height": 3959, "position": [-3.4786704478403085, 0.0030368510810843317, 2.6777397046678146], "rotation": [[-0.4166558079436919, 0.07208350554251823, 0.9062019123437616], [0.7444656902201056, 0.5991338652222059, 0.29463443048802257], [-0.5216979718111724, 0.7973973788347948, -0.3032963013877808]], "fy": 3106.0147514498667, "fx": 3104.3280601582974}, {"id": 21, "img_name": "IMG_0022", "width": 2974, "height": 3959, "position": [-3.562463829606615, 0.16482034664188633, 2.5646902023514673], "rotation": [[-0.3671147566041967, 0.07256076872027596, 0.9273411941276862], [0.7597164353950399, 0.5986300968478824, 0.25391523179704795], [-0.5367100644427069, 0.7977323749169375, -0.2748915508619489]], "fy": 3106.0147514498667, "fx": 3104.3280601582974}, {"id": 22, "img_name": "IMG_0023", "width": 2974, "height": 3959, "position": [-3.6344869659730445, 0.32653483898524105, 2.4507603638708724], "rotation": [[-0.31754756901422393, 0.0729680105993977, 0.9454307012374428], [0.7724492228422772, 0.5981925219525329, 0.21327893663095387], [-0.5499870357958617, 0.7980234182711898, -0.24631866422836637]], "fy": 3106.0147514498667, "fx": 3104.3280601582974}, {"id": 23, "img_name": "IMG_0024", "width": 2974, "height": 3959, "position": [-3.6941237150894723, 0.4855728797740972, 2.337295539015573], "rotation": [[-0.26861677507816295, 0.07323625998536436, 0.9604589935910659], [0.7828430318008256, 0.5975764056696924, 0.17337596992600385], [-0.5612502255745637, 0.7984603243807716, -0.21785154275848886]], "fy": 3106.0147514498667, "fx": 3104.3280601582974}, {"id": 24, "img_name": "IMG_0025", "width": 2974, "height": 3959, "position": [-3.7437028930586917, 0.6492984350661372, 2.219586386923341], "rotation": [[-0.2181360214392757, 0.07346177277482821, 0.9731495486776036], [0.7913589946907992, 0.5968580250419234, 0.1323307956033757], [-0.5711108628564262, 0.7989767617921276, -0.1883308695980407]], "fy": 3106.0147514498667, "fx": 3104.3280601582974}, {"id": 25, "img_name": "IMG_0026", "width": 2974, "height": 3959, "position": [-3.7825297417864245, 0.8107643386565098, 2.1039328610863555], "rotation": [[-0.1681585536843927, 0.07384422730003776, 0.982990198790015], [0.797330165572165, 0.596554313265313, 0.0915836142179095], [-0.5796441217604447, 0.7991683060651312, -0.15919394049256877]], "fy": 3106.0147514498667, "fx": 3104.3280601582974}, {"id": 26, "img_name": "IMG_0027", "width": 2974, "height": 3959, "position": [-3.8123427399612115, 0.9776347074539907, 1.9817836010531062], "rotation": [[-0.11620712030176032, 0.073881243861241, 0.9904733550160186], [0.8014343231888331, 0.5960250725187, 0.049569532415945285], [-0.5866846945387525, 0.7995596755305974, -0.12847332197532887]], "fy": 3106.0147514498667, "fx": 3104.3280601582974}, {"id": 27, "img_name": "IMG_0028", "width": 2974, "height": 3959, "position": [-3.8303163871686774, 1.1420146005789704, 1.8611172848883195], "rotation": [[-0.06514638209556801, 0.07396387360081841, 0.9951307925603646], [0.8034975096379319, 0.595249430154717, 0.00835870241879087], [-0.5917327951917988, 0.8001296528078724, -0.09820813506046058]], "fy": 3106.0147514498667, "fx": 3104.3280601582974}, {"id": 28, "img_name": "IMG_0029", "width": 2974, "height": 3959, "position": [-3.838308076940224, 1.3057542291857587, 1.740357080578837], "rotation": [[-0.014250198744961548, 0.07402848979097065, 0.9971543082868353], [0.8034028488084229, 0.5945396310499999, -0.03265715292919005], [-0.5952653142609934, 0.8006512410595502, -0.06794700749526962]], "fy": 3106.0147514498667, "fx": 3104.3280601582974}, {"id": 29, "img_name": "IMG_0030", "width": 2974, "height": 3959, "position": [-3.835735962137457, 1.4696112751937447, 1.6195090231135367], "rotation": [[0.03698042160883751, 0.07430974526977123, 0.9965493014274678], [0.8009065124340182, 0.5941957895766614, -0.07402784604556295], [-0.5976463893962802, 0.8008804064323898, -0.03754154810713172]], "fy": 3106.0147514498667, "fx": 3104.3280601582974}, {"id": 30, "img_name": "IMG_0031", "width": 2974, "height": 3959, "position": [-3.8214213675132704, 1.6413285668971318, 1.491304890736047], "rotation": [[0.09076754695008572, 0.07442983883560322, 0.9930868297946409], [0.7962097146106177, 0.5935491210398294, -0.11725839531788185], [-0.5981733384064711, 0.8013486382366617, -0.005386763026645078]], "fy": 3106.0147514498667, "fx": 3104.3280601582974}, {"id": 31, "img_name": "IMG_0032", "width": 2974, "height": 3959, "position": [-3.7970860069029295, 1.804000758554538, 1.3696981014568759], "rotation": [[0.1416785981403858, 0.07450928921676579, 0.9871046249761916], [0.7898404500720634, 0.5925857989446012, -0.15809533300875472], [-0.5967237537243976, 0.8020538864126281, 0.025106274742851695]], "fy": 3106.0147514498667, "fx": 3104.3280601582974}, {"id": 32, "img_name": "IMG_0033", "width": 2974, "height": 3959, "position": [-3.760631493916253, 1.9724225175616792, 1.242987458358657], "rotation": [[0.19450254595492802, 0.07454384634617146, 0.978065424493152], [0.7808561257676676, 0.5917017495501854, -0.20038151219700434], [-0.5936602315029698, 0.8027030924016477, 0.05687947767580442]], "fy": 3106.0147514498667, "fx": 3104.3280601582974}, {"id": 33, "img_name": "IMG_0034", "width": 2974, "height": 3959, "position": [-3.7159728188225545, 2.130794162619331, 1.1223289795888343], "rotation": [[0.24448741819356684, 0.07442358450044238, 0.9667921350606602], [0.769948952531388, 0.5911638296674676, -0.24021643779873172], [-0.5894103094117566, 0.8031104883906067, 0.08722975751507375]], "fy": 3106.0147514498667, "fx": 3104.3280601582974}, {"id": 34, "img_name": "IMG_0035", "width": 2974, "height": 3959, "position": [-3.6587676055149316, 2.29087029226194, 0.99952418339193], "rotation": [[0.29511779817397027, 0.07424807995465246, 0.9525716287104058], [0.7567037449066095, 0.5905409923717986, -0.28046528978261065], [-0.5833566041841475, 0.8035848175218212, 0.11809535724642563]], "fy": 3106.0147514498667, "fx": 3104.3280601582974}, {"id": 35, "img_name": "IMG_0036", "width": 2974, "height": 3959, "position": [-3.5915986717814192, 2.4484807347460404, 0.8776080934408703], "rotation": [[0.34501593348521, 0.0739380169335804, 0.9356800603268504], [0.7413790192724203, 0.5898875820260001, -0.3199840470307593], [-0.5756050342239836, 0.8040931601645722, 0.14870452028286837]], "fy": 3106.0147514498667, "fx": 3104.3280601582974}, {"id": 36, "img_name": "IMG_0037", "width": 2974, "height": 3959, "position": [-3.5162941500694918, 2.597797205501216, 0.7622394527823262], "rotation": [[0.3923218596681813, 0.07380033787244145, 0.9168626225102718], [0.7245535671552953, 0.5892712857954256, -0.35746535504792987], [-0.5666618804446234, 0.804557556590527, 0.17771170862957825]], "fy": 3106.0147514498667, "fx": 3104.3280601582974}, {"id": 37, "img_name": "IMG_0038", "width": 2974, "height": 3959, "position": [-3.4311296574405405, 2.7439325484964026, 0.6479592270646387], "rotation": [[0.43885452343152825, 0.07354945542616045, 0.8955429553461974], [0.7056945914339535, 0.5887465007614235, -0.39417344083796974], [-0.5562390231587061, 0.8049646175129029, 0.20647061211648038]], "fy": 3106.0147514498667, "fx": 3104.3280601582974}, {"id": 38, "img_name": "IMG_0039", "width": 2974, "height": 3959, "position": [-3.335333019834498, 2.8872664953591474, 0.5344404736824104], "rotation": [[0.48478259116052336, 0.07325215635051796, 0.8715617940787036], [0.6846440629934701, 0.5883339124708497, -0.43026237860697975], [-0.5442870072999006, 0.8052933186279032, 0.23506238460837547]], "fy": 3106.0147514498667, "fx": 3104.3280601582974}, {"id": 39, "img_name": "IMG_0040", "width": 2974, "height": 3959, "position": [-3.2321148807515208, 3.0240618053615296, 0.42535652807998736], "rotation": [[0.5287218216449627, 0.07297619806118388, 0.8456522392999186], [0.6621072951908376, 0.5879341337450487, -0.4647013923290227], [-0.5310999576082689, 0.8056102835080956, 0.2625355330893341]], "fy": 3106.0147514498667, "fx": 3104.3280601582974}, {"id": 40, "img_name": "IMG_0041", "width": 2974, "height": 3959, "position": [-3.1162777429167243, 3.1612515127635095, 0.31474054493568576], "rotation": [[0.5727949096329894, 0.07249935290385327, 0.8164862738142374], [0.6370242495465239, 0.5874846111859212, -0.4990610554926267], [-0.5158547246931284, 0.8059811880237959, 0.29032434889882597]], "fy": 3106.0147514498667, "fx": 3104.3280601582974}, {"id": 41, "img_name": "IMG_0042", "width": 2974, "height": 3959, "position": [-2.9936082695491786, 3.290277640954983, 0.2102834861974544], "rotation": [[0.6143585182754046, 0.07200787326009897, 0.7857343553714621], [0.6108594131714536, 0.5869009532251548, -0.5314113740250882], [-0.49941404501903713, 0.8064503315716115, 0.3165809127944403]], "fy": 3106.0147514498667, "fx": 3104.3280601582974}, {"id": 42, "img_name": "IMG_0043", "width": 2974, "height": 3959, "position": [-2.859255138052374, 3.4153813963085358, 0.1066846193049365], "rotation": [[0.6550624381760554, 0.07132080369234027, 0.7522011333755889], [0.5824092250949251, 0.5865512062287199, -0.5628118486634431], [-0.48134467548231036, 0.8067657810246494, 0.3426897692556884]], "fy": 3106.0147514498667, "fx": 3104.3280601582974}, {"id": 43, "img_name": "IMG_0044", "width": 2974, "height": 3959, "position": [-2.716608732043237, 3.5339511582324943, 0.007483210578710777], "rotation": [[0.693968386368461, 0.0707572445342622, 0.7165202656359924], [0.5522359210712905, 0.5862473983994044, -0.5927473959018914], [-0.46199931406842815, 0.8070361827178808, 0.36776246897209813]], "fy": 3106.0147514498667, "fx": 3104.3280601582974}, {"id": 44, "img_name": "IMG_0045", "width": 2974, "height": 3959, "position": [-2.570832450053359, 3.6432388920468983, -0.0851790473829703], "rotation": [[0.7298170836659306, 0.07010762386292282, 0.6800381941226911], [0.5216302731540036, 0.5858652567253602, -0.6202126724692162], [-0.44189238793923075, 0.8073703128295112, 0.39100421409869945]], "fy": 3106.0147514498667, "fx": 3104.3280601582974}, {"id": 45, "img_name": "IMG_0046", "width": 2974, "height": 3959, "position": [-2.413702033413048, 3.7482630090151283, -0.17543971263950528], "rotation": [[0.7646482756920546, 0.06944735238765662, 0.6406949974266323], [0.48874123651396056, 0.5855167013929415, -0.6467628592619814], [-0.4200535896906161, 0.8076801703869383, 0.4137725512304483]], "fy": 3106.0147514498667, "fx": 3104.3280601582974}, {"id": 46, "img_name": "IMG_0047", "width": 2974, "height": 3959, "position": [-2.2486044769903177, 3.8472809891427686, -0.26213326977610196], "rotation": [[0.797547386339581, 0.0686826779539961, 0.5993336769212713], [0.4543378459233914, 0.5851921206800493, -0.6716601102162308], [-0.39685676043705714, 0.8079807371732659, 0.43551330640102137]], "fy": 3106.0147514498667, "fx": 3104.3280601582974}, {"id": 47, "img_name": "IMG_0048", "width": 2974, "height": 3959, "position": [-2.0797089805389177, 3.9363640387355083, -0.34199532122095044], "rotation": [[0.8276490760696325, 0.06793165643024027, 0.5571196432865454], [0.4193000931571904, 0.5849975450830078, -0.6942372102712628], [-0.37307430728938595, 0.808185103983919, 0.45568892782143267]], "fy": 3106.0147514498667, "fx": 3104.3280601582974}, {"id": 48, "img_name": "IMG_0049", "width": 2974, "height": 3959, "position": [-1.9027598806540877, 4.0190937708835435, -0.4179579206729082], "rotation": [[0.8558608061767028, 0.06717789641236432, 0.512824931808287], [0.3826353644569254, 0.5848734401006033, -0.7152015358846779], [-0.3479834167276949, 0.808337917766138, 0.4748656150786491]], "fy": 3106.0147514498667, "fx": 3104.3280601582974}, {"id": 49, "img_name": "IMG_0050", "width": 2974, "height": 3959, "position": [-1.723912251234703, 4.093619176927981, -0.4869237244034209], "rotation": [[0.8812417313322384, 0.06652026987064925, 0.4679616059623856], [0.34563919884100347, 0.5846247722895824, -0.7339941551878347], [-0.32240743661260085, 0.8085721546786593, 0.4922037337274086]], "fy": 3106.0147514498667, "fx": 3104.3280601582974}, {"id": 50, "img_name": "IMG_0051", "width": 2974, "height": 3959, "position": [-1.54168691501493, 4.1603294853126505, -0.5496667898836614], "rotation": [[0.9041106390422337, 0.06593315376380504, 0.42218097020756656], [0.30799051724567583, 0.5843025004800888, -0.750821169932932], [-0.29618540419369904, 0.8088531431400104, 0.5079673209716752]], "fy": 3106.0147514498667, "fx": 3104.3280601582974}, {"id": 51, "img_name": "IMG_0052", "width": 2974, "height": 3959, "position": [-1.3561988738744724, 4.217688906285652, -0.6070404058593858], "rotation": [[0.9244267388533742, 0.06516280857467549, 0.375751264630707], [0.2699368815462735, 0.5841909676182963, -0.7654116495940416], [-0.26938686767173436, 0.8089961197260833, 0.5224519057235342]], "fy": 3106.0147514498667, "fx": 3104.3280601582974}, {"id": 52, "img_name": "IMG_0053", "width": 2974, "height": 3959, "position": [-1.1591882704659278, 4.2695442112717314, -0.6605331929013574], "rotation": [[0.9430456311287957, 0.06439823683277669, 0.32637065539309923], [0.229574216708333, 0.5840297924474035, -0.7785916006203755], [-0.2407501124229165, 0.8091736949670774, 0.5359825694382987]], "fy": 3106.0147514498667, "fx": 3104.3280601582974}, {"id": 53, "img_name": "IMG_0054", "width": 2974, "height": 3959, "position": [-0.9594809566320368, 4.313581757665337, -0.7073053364392213], "rotation": [[0.9589750773690148, 0.0637604826558357, 0.2762270838216038], [0.1886631265493995, 0.5837347760732375, -0.7897214292922109], [-0.2115963744152951, 0.8094370340268735, 0.5477578500396685]], "fy": 3106.0147514498667, "fx": 3104.3280601582974}, {"id": 54, "img_name": "IMG_0055", "width": 2974, "height": 3959, "position": [-0.7646927259395495, 4.3486338566598555, -0.7467878002551522], "rotation": [[0.9717780696504217, 0.06324272548930418, 0.22726139359597564], [0.1487527800885366, 0.583424432957582, -0.7984287954752479], [-0.18308466282687882, 0.8097013577244442, 0.5575515380095006]], "fy": 3106.0147514498667, "fx": 3104.3280601582974}, {"id": 55, "img_name": "IMG_0056", "width": 2974, "height": 3959, "position": [-0.5576395415900183, 4.376129024686635, -0.7815337441577435], "rotation": [[0.982533210844726, 0.0626737655275633, 0.17521554925790375], [0.10642158736066014, 0.5831567249648494, -0.8053587274450488], [-0.15265298991762416, 0.8099384132407024, 0.5663010077920954]], "fy": 3106.0147514498667, "fx": 3104.3280601582974}, {"id": 56, "img_name": "IMG_0057", "width": 2974, "height": 3959, "position": [-0.35292286584134847, 4.394051607935938, -0.8098390700562562], "rotation": [[0.9903739537378365, 0.06200554181443385, 0.12375275569450721], [0.06469577715596905, 0.5830274948263234, -0.8098724570540269], [-0.1223678396306443, 0.8100828680208217, 0.5734037484733502]], "fy": 3106.0147514498667, "fx": 3104.3280601582974}, {"id": 57, "img_name": "IMG_0058", "width": 2974, "height": 3959, "position": [-0.14289738484024206, 4.4027886439473205, -0.8318489873137374], "rotation": [[0.9955883393104518, 0.061221114953466195, 0.07110438603146105], [0.022156446296387487, 0.5829843121508346, -0.8121812505060267], [-0.09117538328173813, 0.8101736029209252, 0.5790559408326241]], "fy": 3106.0147514498667, "fx": 3104.3280601582974}, {"id": 58, "img_name": "IMG_0059", "width": 2974, "height": 3959, "position": [0.06358952507100096, 4.402148287379779, -0.8467822493284686], "rotation": [[0.9979825926396112, 0.060540350043071275, 0.019120951989431194], [-0.019804610853014822, 0.5830034716523579, -0.8122282495889065], [-0.0603201639361199, 0.8102109713265804, 0.5830262942310225]], "fy": 3106.0147514498667, "fx": 3104.3280601582974}, {"id": 59, "img_name": "IMG_0060", "width": 2974, "height": 3959, "position": [0.27393860361724004, 4.393926521936646, -0.8551368492182977], "rotation": [[0.9976281480405241, 0.0599821667472651, -0.03376711283982502], [-0.062464709182964144, 0.5828125966390757, -0.8102022200077619], [-0.028917785944326844, 0.810389793168153, 0.5851770200417621]], "fy": 3106.0147514498667, "fx": 3104.3280601582974}, {"id": 60, "img_name": "IMG_0061", "width": 2974, "height": 3959, "position": [0.4756840968979043, 4.377115641627112, -0.8580739825186968], "rotation": [[0.9946483017884536, 0.05937468344657901, -0.08455414073221922], [-0.1033087085802967, 0.5829307842677888, -0.8059274232115519], [0.0014375259360185086, 0.8103495219462766, 0.5859450365013974]], "fy": 3106.0147514498667, "fx": 3104.3280601582974}, {"id": 61, "img_name": "IMG_0062", "width": 2974, "height": 3959, "position": [0.686877713300913, 4.350652699687933, -0.8539142802040561], "rotation": [[0.988770360776894, 0.05859669317041903, -0.13747582041443687], [-0.14568511767705636, 0.582945178487597, -0.7993439593601029], [0.033301953944970854, 0.810395796156147, 0.5849355805863512]], "fy": 3106.0147514498667, "fx": 3104.3280601582974}, {"id": 62, "img_name": "IMG_0063", "width": 2974, "height": 3959, "position": [0.8868577066232036, 4.316243933808614, -0.8434781866636116], "rotation": [[0.9805179071364994, 0.05778900216855044, -0.18773669064150053], [-0.18579289487445302, 0.5830854536064162, -0.7908807457554964], [0.06376232428973759, 0.8103528768511672, 0.5824625146567006]], "fy": 3106.0147514498667, "fx": 3104.3280601582974}, {"id": 63, "img_name": "IMG_0064", "width": 2974, "height": 3959, "position": [1.0858222346211217, 4.274347127204489, -0.8269794054714716], "rotation": [[0.9696297141696217, 0.05719587760066462, -0.23779581364024754], [-0.2257826900692293, 0.5831000589401977, -0.7803950910462216], [0.09402337084172131, 0.8103844475614198, 0.5783049825880219]], "fy": 3106.0147514498667, "fx": 3104.3280601582974}, {"id": 64, "img_name": "IMG_0065", "width": 2974, "height": 3959, "position": [1.2913066267155995, 4.221767310902373, -0.803417623843607], "rotation": [[0.9555567763810986, 0.056372517708925464, -0.2893672171468635], [-0.26674151571231713, 0.5833039111149766, -0.7672063028113542], [0.12553967861858992, 0.810295431632888, 0.5724168957737121]], "fy": 3106.0147514498667, "fx": 3104.3280601582974}, {"id": 65, "img_name": "IMG_0066", "width": 2974, "height": 3959, "position": [1.4827818264224144, 4.162645455808562, -0.7742688360835723], "rotation": [[0.9396525196068609, 0.055773273775438156, -0.33755367621883164], [-0.30500930855122604, 0.5835198571407234, -0.7526446027306464], [0.15499181944083648, 0.8101814107067872, 0.565317271672801]], "fy": 3106.0147514498667, "fx": 3104.3280601582974}, {"id": 66, "img_name": "IMG_0067", "width": 2974, "height": 3959, "position": [1.6742200840165866, 4.095006888700946, -0.7392205757708842], "rotation": [[0.9210222983461386, 0.05495414700076383, -0.3856137545220798], [-0.34292546046367456, 0.5838856114597256, -0.7358530568639905], [0.18471614578853995, 0.8099738480085148, 0.5566168440025024]], "fy": 3106.0147514498667, "fx": 3104.3280601582974}, {"id": 67, "img_name": "IMG_0068", "width": 2974, "height": 3959, "position": [1.8659752184372485, 4.018453092262021, -0.6969627420477154], "rotation": [[0.899407741726778, 0.054143382021529574, -0.4337444043503136], [-0.38081879529440654, 0.5841747293050469, -0.7167404905486309], [0.21457576580885018, 0.8098199675388634, 0.5460300915727078]], "fy": 3106.0147514498667, "fx": 3104.3280601582974}, {"id": 68, "img_name": "IMG_0069", "width": 2974, "height": 3959, "position": [2.052492453695092, 3.934892518115465, -0.6482296662086879], "rotation": [[0.8753319960949193, 0.05328080936365725, -0.48057783133019966], [-0.41757315740403944, 0.5843955100860495, -0.6957834045210385], [0.2437756239415776, 0.8097178787360568, 0.5337887241475553]], "fy": 3106.0147514498667, "fx": 3104.3280601582974}, {"id": 69, "img_name": "IMG_0070", "width": 2974, "height": 3959, "position": [2.2297815271596924, 3.845029722784948, -0.5950744238943325], "rotation": [[0.849352897859023, 0.05277605432641924, -0.5251802956968347], [-0.4526422884550319, 0.5846333544445316, -0.6732895362124132], [0.2715043528208554, 0.8095792295758761, 0.5204487077884418]], "fy": 3106.0147514498667, "fx": 3104.3280601582974}, {"id": 70, "img_name": "IMG_0071", "width": 2974, "height": 3959, "position": [2.4054390544041158, 3.7459486658841117, -0.5347024036039466], "rotation": [[0.8204435436473285, 0.0521563041321235, -0.569343579595565], [-0.4871761402433779, 0.584953405483226, -0.6484511714779617], [0.2992186492599996, 0.8093881845893564, 0.5053305517996782]], "fy": 3106.0147514498667, "fx": 3104.3280601582974}, {"id": 71, "img_name": "IMG_0072", "width": 2974, "height": 3959, "position": [2.5690768537868354, 3.6435249987381706, -0.470647974359479], "rotation": [[0.7903704154076316, 0.05138511031197448, -0.6104704553756832], [-0.5191213550067063, 0.5853124870256112, -0.6228340961346727], [0.3253115817556596, 0.8091778932781837, 0.4892887816060276]], "fy": 3106.0147514498667, "fx": 3104.3280601582974}, {"id": 72, "img_name": "IMG_0073", "width": 2974, "height": 3959, "position": [2.728280993555484, 3.5327198798649975, -0.4005677535389506], "rotation": [[0.7577333507416725, 0.0507925550099409, -0.6505845721575019], [-0.5502115595039372, 0.5857703418617369, -0.5950969218399885], [0.3508666541038677, 0.8088839366378503, 0.4718043748071979]], "fy": 3106.0147514498667, "fx": 3104.3280601582974}, {"id": 73, "img_name": "IMG_0074", "width": 2974, "height": 3959, "position": [2.877447707321122, 3.41960494392925, -0.32729758605311976], "rotation": [[0.7240194287406886, 0.05018728118570033, -0.6879513817219897], [-0.5790757237156825, 0.5861307356017459, -0.5666763335327448], [0.3747895049346576, 0.8086606195371105, 0.4534322765316674]], "fy": 3106.0147514498667, "fx": 3104.3280601582974}, {"id": 74, "img_name": "IMG_0075", "width": 2974, "height": 3959, "position": [3.0207178646285553, 3.298662985168275, -0.2482609438339615], "rotation": [[0.6880140042031362, 0.049607021056413604, -0.7239999126258756], [-0.6067444092535053, 0.5866392764413497, -0.5363912575499196], [0.39811801247868905, 0.8083275962122523, 0.4337148202929435]], "fy": 3106.0147514498667, "fx": 3104.3280601582974}, {"id": 75, "img_name": "IMG_0076", "width": 2974, "height": 3959, "position": [3.1587313388958878, 3.1698658485704376, -0.16334817311599453], "rotation": [[0.6495291428101592, 0.04911005242549619, -0.7587490332060164], [-0.633288034061621, 0.5872036588810374, -0.5041211450743651], [0.4207827926076193, 0.8079480588178222, 0.412506697761195]], "fy": 3106.0147514498667, "fx": 3104.3280601582974}, {"id": 76, "img_name": "IMG_0077", "width": 2974, "height": 3959, "position": [3.285640092810618, 3.038496931525528, -0.07529749823042867], "rotation": [[0.6100889783878716, 0.048701061233302534, -0.7908347773614873], [-0.6577160601251307, 0.5876875096146479, -0.4712037513607127], [0.4418155980758471, 0.8076209492563223, 0.39057314247039354]], "fy": 3106.0147514498667, "fx": 3104.3280601582974}, {"id": 77, "img_name": "IMG_0078", "width": 2974, "height": 3959, "position": [3.4081353359441855, 2.898037903847975, 0.019844440327157202], "rotation": [[0.5677175583424174, 0.048199470002373124, -0.8218111614240915], [-0.6810934555295974, 0.5882247493513508, -0.4360084277686532], [0.46239428930781173, 0.807259843756662, 0.36677386203694085]], "fy": 3106.0147514498667, "fx": 3104.3280601582974}, {"id": 78, "img_name": "IMG_0079", "width": 2974, "height": 3959, "position": [3.5221859713530073, 2.7511921341705565, 0.12055307431222916], "rotation": [[0.5233597591647702, 0.047722972043344664, -0.8507744004295992], [-0.7027743555627411, 0.5887923795319823, -0.3992890418837462], [0.4818742238908072, 0.8068742477885981, 0.34168871887321045]], "fy": 3106.0147514498667, "fx": 3104.3280601582974}, {"id": 79, "img_name": "IMG_0080", "width": 2974, "height": 3959, "position": [3.6266626940593625, 2.6008971388193665, 0.22371373619571533], "rotation": [[0.477822731828674, 0.04738334816583455, -0.8771774365910118], [-0.7223524020825136, 0.5894228484682453, -0.36164583905971087], [0.4998924325826562, 0.8064338311480831, 0.3158671110236382]], "fy": 3106.0147514498667, "fx": 3104.3280601582974}, {"id": 80, "img_name": "IMG_0081", "width": 2974, "height": 3959, "position": [3.7194350435886787, 2.450712391254378, 0.32801124279881094], "rotation": [[0.43215862735147925, 0.04705314285567225, -0.9005692214111521], [-0.739499897191119, 0.5900334785060626, -0.32403764641837596], [0.516119000677179, 0.8060065111334024, 0.28978385246688715]], "fy": 3106.0147514498667, "fx": 3104.3280601582974}, {"id": 81, "img_name": "IMG_0082", "width": 2974, "height": 3959, "position": [3.803169805889916, 2.2963335665778946, 0.43592600895475825], "rotation": [[0.3850933074026758, 0.04672633434886347, -0.9216939808157514], [-0.7547067157858511, 0.5907439336984591, -0.2853758538247498], [0.5311505603323813, 0.8055049686232783, 0.26275621359314905]], "fy": 3106.0147514498667, "fx": 3104.3280601582974}, {"id": 82, "img_name": "IMG_0083", "width": 2974, "height": 3959, "position": [3.878705970113941, 2.1364280926396697, 0.5493122379709707], "rotation": [[0.3359830043823063, 0.04635232089822424, -0.9407267845201321], [-0.7682478947915846, 0.5913117005916155, -0.24524609047189713], [0.5448950292620932, 0.8051098900714109, 0.23428075463994658]], "fy": 3106.0147514498667, "fx": 3104.3280601582974}, {"id": 83, "img_name": "IMG_0084", "width": 2974, "height": 3959, "position": [3.9452499422002303, 1.9715262654080319, 0.6672384181134006], "rotation": [[0.2852040760622398, 0.045939234601323216, -0.9573652499029449], [-0.7798543443131704, 0.5918124717542771, -0.203924495664371], [0.5572125596694308, 0.8047655466036908, 0.20461324088705285]], "fy": 3106.0147514498667, "fx": 3104.3280601582974}, {"id": 84, "img_name": "IMG_0085", "width": 2974, "height": 3959, "position": [3.9997002510713613, 1.8069146663918176, 0.7857479402278117], "rotation": [[0.23434850266780408, 0.04560506569387009, -0.9710823637984657], [-0.789099210085965, 0.5923509521781312, -0.16261237989577418], [0.567805614571628, 0.8043882939456038, 0.17480348001174453]], "fy": 3106.0147514498667, "fx": 3104.3280601582974}, {"id": 85, "img_name": "IMG_0086", "width": 2974, "height": 3959, "position": [4.042009435327717, 1.6450420401096426, 0.9023904542205612], "rotation": [[0.18434730708186675, 0.04541626687407084, -0.9818113021731248], [-0.7959658815097531, 0.5929148760105352, -0.1220256746664956], [0.5765885758875785, 0.8039834031300862, 0.14545205961862304]], "fy": 3106.0147514498667, "fx": 3104.3280601582974}, {"id": 86, "img_name": "IMG_0087", "width": 2974, "height": 3959, "position": [4.074480762344061, 1.4813865858468793, 1.0219799162062282], "rotation": [[0.13352817134186276, 0.04512176000638401, -0.9900172999660282], [-0.8007217439664237, 0.5935423737037415, -0.0809452861968916], [0.5839648244521812, 0.8035368550303428, 0.11538460213771537]], "fy": 3106.0147514498667, "fx": 3104.3280601582974}, {"id": 87, "img_name": "IMG_0088", "width": 2974, "height": 3959, "position": [4.096405991930758, 1.3185817029882045, 1.1415100318034948], "rotation": [[0.082835018466935, 0.04488530346853545, -0.9955519420141369], [-0.803432245073219, 0.5940465439909591, -0.04006658394478394], [0.5896057897376765, 0.8031774480803947, 0.08527015657822828]], "fy": 3106.0147514498667, "fx": 3104.3280601582974}, {"id": 88, "img_name": "IMG_0089", "width": 2974, "height": 3959, "position": [4.106960270821812, 1.1560115364962222, 1.261932437256862], "rotation": [[0.032045459414202414, 0.04465757865445924, -0.998488251908681], [-0.8040849717562029, 0.5945138723217396, 0.0007834620837014662], [0.5936501046296202, 0.8028442914324861, 0.054959958037737906]], "fy": 3106.0147514498667, "fx": 3104.3280601582974}, {"id": 89, "img_name": "IMG_0090", "width": 2974, "height": 3959, "position": [4.106948735007422, 0.9843070660365917, 1.3896698557178528], "rotation": [[-0.021792985195154428, 0.04458367242764276, -0.9987679219664338], [-0.8024137623419448, 0.5951382787820593, 0.044074744838427306], [0.5963700359680457, 0.8023856462332764, 0.022804712633118694]], "fy": 3106.0147514498667, "fx": 3104.3280601582974}, {"id": 90, "img_name": "IMG_0091", "width": 2974, "height": 3959, "position": [4.097903061371571, 0.8229241365813666, 1.5101883670221545], "rotation": [[-0.0720778687869614, 0.04461226003235331, -0.9964007863736033], [-0.7986502771892252, 0.5958404189976186, 0.08445075390022072], [0.5974634010353292, 0.8018627945874205, -0.007317313697601655]], "fy": 3106.0147514498667, "fx": 3104.3280601582974}, {"id": 91, "img_name": "IMG_0092", "width": 2974, "height": 3959, "position": [4.0768804453224385, 0.6602928816793957, 1.6320421488207264], "rotation": [[-0.12334939046399525, 0.04474862364460752, -0.9913538664644798], [-0.7929850630684432, 0.5961585713219603, 0.12557725745411147], [0.5966235141381016, 0.8016186864845855, -0.03805080624940479]], "fy": 3106.0147514498667, "fx": 3104.3280601582974}, {"id": 92, "img_name": "IMG_0093", "width": 2974, "height": 3959, "position": [4.044778792808806, 0.497409541385887, 1.754065646184118], "rotation": [[-0.1745025455748713, 0.04508308396745808, -0.9836241035720262], [-0.7850375169521587, 0.5966195382782813, 0.16661699649855422], [0.5943609665560806, 0.8012569139075139, -0.06871971587490536]], "fy": 3106.0147514498667, "fx": 3104.3280601582974}, {"id": 93, "img_name": "IMG_0094", "width": 2974, "height": 3959, "position": [4.003606488590364, 0.3382509581013967, 1.8750233481348264], "rotation": [[-0.22458301507847547, 0.04524673647836468, -0.9734039254987205], [-0.7749309712964523, 0.5973407040631099, 0.2065576747422492], [0.590799846871847, 0.8007101948317165, -0.0990894789004188]], "fy": 3106.0147514498667, "fx": 3104.3280601582974}, {"id": 94, "img_name": "IMG_0095", "width": 2974, "height": 3959, "position": [3.950098530117737, 0.1771178244496031, 1.9981374796539801], "rotation": [[-0.27547733852682793, 0.045526565731962516, -0.9602289142547356], [-0.7624983737145132, 0.5979443148669366, 0.24710084257450945], [0.5854130730013618, 0.8002436679730511, -0.13000617611536294]], "fy": 3106.0147514498667, "fx": 3104.3280601582974}, {"id": 95, "img_name": "IMG_0096", "width": 2974, "height": 3959, "position": [3.8856157990365907, 0.01731785317534237, 2.121065331202763], "rotation": [[-0.3260976176469329, 0.04585975344337196, -0.9442230810455267], [-0.7478170421442281, 0.5985048746011956, 0.2873353207617624], [0.578299243682414, 0.7998054751580036, -0.16087630858404017]], "fy": 3106.0147514498667, "fx": 3104.3280601582974}, {"id": 96, "img_name": "IMG_0097", "width": 2974, "height": 3959, "position": [3.8140038190627648, -0.1332611858701194, 2.237761233314964], "rotation": [[-0.37387086387596524, 0.04618934170092572, -0.9263299206318848], [-0.731688027050782, 0.5990726510876195, 0.3251839322435612], [0.5699589530967757, 0.7993613096917352, -0.19017962128666807]], "fy": 3106.0147514498667, "fx": 3104.3280601582974}, {"id": 97, "img_name": "IMG_0098", "width": 2974, "height": 3959, "position": [3.728187255348452, -0.28772270979221154, 2.3584124287477395], "rotation": [[-0.42304919854489514, 0.046544965027657585, -0.9049104606761359], [-0.7126974956609915, 0.5996196907201006, 0.3640309137687102], [0.5595459367103591, 0.7989304054367345, -0.22049614958003633]], "fy": 3106.0147514498667, "fx": 3104.3280601582974}, {"id": 98, "img_name": "IMG_0099", "width": 2974, "height": 3959, "position": [3.6374085709326134, -0.4304129670237036, 2.4715071872083545], "rotation": [[-0.4686326348587811, 0.04682402031960212, -0.882151327531975], [-0.6926358478364868, 0.6003328535814139, 0.39982001851161436], [0.5483056044188747, 0.7983783414095763, -0.24890357195296842]], "fy": 3106.0147514498667, "fx": 3104.3280601582974}, {"id": 99, "img_name": "IMG_0100", "width": 2974, "height": 3959, "position": [3.5340495273002963, -0.573586057444626, 2.5855127553099937], "rotation": [[-0.514373157005804, 0.047207294571733324, -0.856266154119792], [-0.6701206613028201, 0.6009316076740188, 0.43568279997423587], [0.5351248028702771, 0.7979051787258539, -0.27746850472713125]], "fy": 3106.0147514498667, "fx": 3104.3280601582974}, {"id": 100, "img_name": "IMG_0101", "width": 2974, "height": 3959, "position": [3.423301318406324, -0.7090230077774359, 2.6949305030916344], "rotatio